amqp 7.0 7.1 7.2 7.3 7.4 8.0 8.1 8.2 8.3-rc
apcu 7.0 7.1 7.2 7.3 7.4 8.0 8.1 8.2 8.3-rc
apcu_bc 7.0 7.1 7.2 7.3 7.4
ast 7.0 7.1 7.2 7.3 7.4 8.0 8.1 8.2 8.3-rc
bcmath 7.0 7.1 7.2 7.3 7.4 8.0 8.1 8.2 8.3-rc
bitset 7.0 7.1 7.2 7.3 7.4 8.0 8.1 8.2 8.3-rc
blackfire 7.0 7.1 7.2 7.3 7.4 8.0 8.1 8.2
bz2 7.0 7.1 7.2 7.3 7.4 8.0 8.1 8.2 8.3-rc
calendar 7.0 7.1 7.2 7.3 7.4 8.0 8.1 8.2 8.3-rc
cassandra 7.2 7.3 7.4 8.0 8.1 8.2
cmark 7.0 7.1 7.2 7.3 7.4
csv 7.3 7.4 8.0 8.1 8.2 8.3-rc
dba 7.0 7.1 7.2 7.3 7.4 8.0 8.1 8.2 8.3-rc
ddtrace 7.0 7.1 7.2 7.3 7.4 8.0 8.1 8.2
decimal 7.0 7.1 7.2 7.3 7.4 8.0 8.1 8.2 8.3-rc
ds 7.0 7.1 7.2 7.3 7.4 8.0 8.1 8.2 8.3-rc
enchant 7.0 7.1 7.2 7.3 7.4 8.0 8.1 8.2 8.3-rc
ev 7.0 7.1 7.2 7.3 7.4 8.0 8.1 8.2 8.3-rc
event 7.0 7.1 7.2 7.3 7.4 8.0 8.1 8.2 8.3-rc
excimer 7.1 7.2 7.3 7.4 8.0 8.1 8.2 8.3-rc
exif 7.0 7.1 7.2 7.3 7.4 8.0 8.1 8.2 8.3-rc
ffi 7.4 8.0 8.1 8.2 8.3-rc
gd 7.0 7.1 7.2 7.3 7.4 8.0 8.1 8.2 8.3-rc
gearman 7.0 7.1 7.2 7.3 7.4 8.0
geoip 7.0 7.1 7.2 7.3 7.4
geos 7.0 7.1 7.2 7.3 7.4
geospatial 7.0 7.1 7.2 7.3 7.4 8.0 8.1 8.2 8.3-rc
gettext 7.0 7.1 7.2 7.3 7.4 8.0 8.1 8.2 8.3-rc
gmp 7.0 7.1 7.2 7.3 7.4 8.0 8.1 8.2 8.3-rc
gnupg 7.0 7.1 7.2 7.3 7.4 8.0 8.1 8.2 8.3-rc
grpc 7.0 7.1 7.2 7.3 7.4 8.0 8.1 8.2 8.3-rc
http 7.0 7.1 7.2 7.3 7.4 8.0 8.1 8.2
igbinary 7.0 7.1 7.2 7.3 7.4 8.0 8.1 8.2 8.3-rc
imagick 7.0 7.1 7.2 7.3 7.4 8.0 8.1 8.2 8.3-rc
imap 7.0 7.1 7.2 7.3 7.4 8.0 8.1 8.2 8.3-rc
inotify 7.0 7.1 7.2 7.3 7.4 8.0 8.1 8.2 8.3-rc
interbase 7.0 7.1 7.2 7.3
intl 7.0 7.1 7.2 7.3 7.4 8.0 8.1 8.2 8.3-rc
ion 8.1 8.2 8.3-rc
ioncube_loader 7.0 7.1 7.2 7.3 7.4 8.1
jsmin 7.0 7.1 7.2 7.3 7.4
json_post 7.0 7.1 7.2 7.3 7.4 8.0 8.1 8.2 8.3-rc
jsonpath 7.4 8.0 8.1 8.2 8.3-rc
ldap 7.0 7.1 7.2 7.3 7.4 8.0 8.1 8.2 8.3-rc
luasandbox 7.0 7.1 7.2 7.3 7.4 8.0 8.1 8.2 8.3-rc
lz4 7.0 7.1 7.2 7.3 7.4 8.0 8.1 8.2 8.3-rc
lzf 7.0 7.1 7.2 7.3 7.4 8.0 8.1 8.2 8.3-rc
mailparse 7.0 7.1 7.2 7.3 7.4 8.0 8.1 8.2 8.3-rc
maxminddb 7.2 7.3 7.4 8.0 8.1 8.2 8.3-rc
mcrypt 7.0 7.1 7.2 7.3 7.4 8.0 8.1 8.2 8.3-rc
memcache 7.0 7.1 7.2 7.3 7.4 8.0 8.1 8.2 8.3-rc
memcached 7.0 7.1 7.2 7.3 7.4 8.0 8.1 8.2 8.3-rc
memprof 7.0 7.1 7.2 7.3 7.4 8.0 8.1 8.2 8.3-rc
mongodb 7.0 7.1 7.2 7.3 7.4 8.0 8.1 8.2 8.3-rc
mosquitto 7.0 7.1 7.2 7.3 7.4
msgpack 7.0 7.1 7.2 7.3 7.4 8.0 8.1 8.2 8.3-rc
mysqli 7.0 7.1 7.2 7.3 7.4 8.0 8.1 8.2 8.3-rc
oauth 7.0 7.1 7.2 7.3 7.4 8.0 8.1 8.2 8.3-rc
odbc 7.0 7.1 7.2 7.3 7.4 8.0 8.1 8.2 8.3-rc
opcache 7.0 7.1 7.2 7.3 7.4 8.0 8.1
openswoole 7.2 7.3 7.4 8.0 8.1
opentelemetry 8.0 8.1 8.2 8.3-rc
parallel 7.1 7.2 7.3 7.4 8.0 8.1
parle 7.0 7.1 7.2 7.3 7.4 8.0 8.1 8.2 8.3-rc
pcntl 7.0 7.1 7.2 7.3 7.4 8.0 8.1 8.2 8.3-rc
pcov 7.0 7.1 7.2 7.3 7.4 8.0 8.1 8.2 8.3-rc
pdo_dblib 7.0 7.1 7.2 7.3 7.4 8.0 8.1 8.2 8.3-rc
pdo_firebird 7.0 7.1 7.2 7.3 7.4 8.0 8.1 8.2 8.3-rc
pdo_mysql 7.0 7.1 7.2 7.3 7.4 8.0 8.1 8.2 8.3-rc
pdo_odbc 7.0 7.1 7.2 7.3 7.4 8.0 8.1 8.2 8.3-rc
pdo_pgsql 7.0 7.1 7.2 7.3 7.4 8.0 8.1 8.2 8.3-rc
pdo_sqlsrv 7.0 7.1 7.2 7.3 7.4 8.0 8.1 8.2
pgsql 7.0 7.1 7.2 7.3 7.4 8.0 8.1 8.2 8.3-rc
php_trie 7.3 7.4 8.0 8.1 8.2 8.3-rc
pq 7.0 7.1 7.2 7.3 7.4 8.0 8.1 8.2 8.3-rc
propro 7.0 7.1 7.2 7.3 7.4
protobuf 7.0 7.1 7.2 7.3 7.4 8.0 8.1 8.2 8.3-rc
pspell 7.0 7.1 7.2 7.3 7.4 8.0 8.1 8.2 8.3-rc
pthreads 7.0
raphf 7.0 7.1 7.2 7.3 7.4 8.0 8.1 8.2 8.3-rc
rdkafka 7.0 7.1 7.2 7.3 7.4 8.0 8.1 8.2 8.3-rc
recode 7.0 7.1 7.2 7.3
redis 7.0 7.1 7.2 7.3 7.4 8.0 8.1 8.2 8.3-rc
relay 7.4 8.0 8.1 8.2
seaslog 7.0 7.1 7.2 7.3 7.4 8.0 8.1 8.2 8.3-rc
shmop 7.0 7.1 7.2 7.3 7.4 8.0 8.1 8.2 8.3-rc
simdjson 7.1 7.2 7.3 7.4 8.0 8.1 8.2 8.3-rc
smbclient 7.0 7.1 7.2 7.3 7.4 8.0 8.1 8.2 8.3-rc
snappy 7.0 7.1 7.2 7.3 7.4 8.0 8.1 8.2 8.3-rc
snmp 7.0 7.1 7.2 7.3 7.4 8.0 8.1 8.2 8.3-rc
soap 7.0 7.1 7.2 7.3 7.4 8.0 8.1 8.2 8.3-rc
sockets 7.0 7.1 7.2 7.3 7.4 8.0 8.1 8.2 8.3-rc
sodium 7.0 7.1
solr 7.0 7.1 7.2 7.3 7.4 8.0 8.1 8.2
sourceguardian 7.0 7.1 7.2 7.3 7.4 8.0 8.1 8.2
spx 7.0 7.1 7.2 7.3 7.4 8.0 8.1 8.2 8.3-rc
ssh2 7.0 7.1 7.2 7.3 7.4 8.0 8.1 8.2 8.3-rc
stomp 7.0 7.1 7.2 7.3 7.4 8.2 8.3-rc
swoole 7.0 7.1 7.2 7.3 7.4 8.0 8.1 8.2
tensor 7.2 7.3 7.4 8.0
tidy 7.0 7.1 7.2 7.3 7.4 8.0 8.1 8.2 8.3-rc
timezonedb 7.0 7.1 7.2 7.3 7.4 8.0 8.1 8.2 8.3-rc
uopz 7.0 7.1 7.2 7.3 7.4 8.0 8.1 8.2
uploadprogress 7.0 7.1 7.2 7.3 7.4 8.0 8.1 8.2 8.3-rc
uuid 7.0 7.1 7.2 7.3 7.4 8.0 8.1 8.2 8.3-rc
wddx 7.0 7.1 7.2 7.3
xdebug 7.0 7.1 7.2 7.3 7.4 8.0 8.1 8.2
xdiff 7.0 7.1 7.2 7.3 7.4 8.0 8.1 8.2 8.3-rc
xhprof 7.0 7.1 7.2 7.3 7.4 8.0 8.1 8.2 8.3-rc
xlswriter 7.0 7.1 7.2 7.3 7.4 8.0 8.1 8.2 8.3-rc
xmldiff 7.0 7.1 7.2 7.3 7.4 8.0 8.1 8.2 8.3-rc
xmlrpc 7.0 7.1 7.2 7.3 7.4 8.0 8.1 8.2 8.3-rc
xsl 7.0 7.1 7.2 7.3 7.4 8.0 8.1 8.2 8.3-rc
yac 7.0 7.1 7.2 7.3 7.4 8.0 8.1 8.2 8.3-rc
yaml 7.0 7.1 7.2 7.3 7.4 8.0 8.1 8.2 8.3-rc
yar 7.0 7.1 7.2 7.3 7.4 8.0 8.1
zip 7.0 7.1 7.2 7.3 7.4 8.0 8.1 8.2 8.3-rc
zmq 7.0 7.1 7.2 7.3 7.4 8.0 8.1 8.2 8.3-rc